# Created by Octave 4.4.1, Wed Jan 09 09:51:13 2019 GMT <unknown@LGI6P025>
# name: spectralEnergyOut
# type: matrix
# rows: 32
# columns: 1
 0.0085193406907031408
 0.7644025255083331
 0.7338684791122333
 0.70120327120891845
 0.18074985368722254
 0.089325270891014746
 0.068774302230528661
 0.058302767019714812
 0.039764317899113083
 0.023620490363679993
 0.028318621227310256
 0.015228295696381117
 0.014859266655355948
 0.014771252207868032
 0.011328132248337801
 0.0092020329995046498
 0.0099064548836688311
 0.0084897305336643428
 0.0079873161671074628
 0.0066671041671483638
 0.006539314468188802
 0.005867032686523603
 0.0058963594012373267
 0.0081547285019113701
 0.0075099512115826324
 0.0072686019561472972
 0.0081134663121039986
 0.01116538216838949
 0.018713868313879715
 0.020647158103437358
 0.01861118641212289
 0.019059059787779963


